start=763.638633
pause=yes
volume=130.000000
fullscreen=yes
sid=3
