start=3.466667
pause=yes
volume=82.000000
