start=93.135000
pause=yes
sid=2
sub-delay=-25.700064
