start=148.190000
pause=yes
volume=116.000000
