start=920.920020
pause=yes
volume=130.000000
