start=1418.543544
volume=130.000000
fullscreen=yes
sid=3
sub-visibility=no
