start=6.606600
pause=yes
volume=82.000000
