start=114.989875
pause=yes
volume=130.000000
