start=1400.816000
pause=yes
volume=108.000000
aid=3
sid=no
