start=343.676667
pause=yes
audio-delay=-0.000000
sid=1
sub-delay=-5.599997
sub-pos=86
