start=16.549867
volume=76.000000
fullscreen=yes
