start=5795.040000
speed=1.610510
pause=yes
