start=128.919000
pause=yes
deinterlace=yes
panscan=0.500000
sub-delay=0.000001
sub-pos=103
