start=108.650208
pause=yes
volume=88.000000
