start=5232.394000
pause=yes
volume=108.500000
fullscreen=yes
sid=1
sub-delay=-15.515000
ab-loop-a=202.828000
