start=866.666667
pause=yes
volume=130.000000
