start=55.433000
pause=yes
volume=110.000000
