start=0.459000
volume=116.000000
sid=2
