start=5.600000
pause=yes
volume=102.000000
