start=228.603000
pause=yes
volume=106.000000
sid=14
