start=1433.165067
speed=1.400000
pause=yes
volume=130.000000
