start=1151.692000
pause=yes
audio-delay=0.200000
contrast=-2
panscan=0.100000
aid=3
vid=1
sid=14
sub-delay=0.300000
