start=57.390722
pause=yes
volume=82.000000
aid=1
sid=no
