start=1556.155000
pause=yes
volume=130.000000
sid=1
sub-delay=0.993992
