start=133.508000
volume=130.000000
sid=5
sub-delay=9.715001
