start=1.001000
aid=2
sid=5
sub-delay=39.699970
