start=541.667000
pause=yes
volume=52.000000
