start=203.620078
pause=yes
volume=130.000000
aid=1
