start=1627.292000
pause=yes
audio-delay=-0.000000
