start=824.660333
pause=yes
volume=130.000000
