start=243.109533
pause=yes
volume=22.000000
