start=4227.400000
speed=1.200000
volume=130.000000
ontop=yes
