start=1630.837000
pause=yes
volume=130.000000
audio-delay=-0.000000
