start=353.103000
pause=yes
volume=86.000000
aid=3
sid=12
