start=2.018189
speed=1.600000
