start=3.086000
pause=yes
volume=130.000000
