start=1271.256000
pause=yes
volume=130.000000
