start=58.233000
pause=yes
volume=130.000000
