start=158.116000
pause=yes
volume=120.000000
fullscreen=yes
sid=1
