start=0.751000
osd-level=3
speed=0.909091
edition=4
volume=110.000000
ontop=yes
contrast=2
saturation=-1
panscan=0.500000
sub-delay=0.200000
sub-pos=102
sub-scale=0.900000
video-aspect-override=2.350000
