start=89.760800
pause=yes
volume=130.000000
