start=440.106000
sub-delay=-1.500000
