start=727.727000
sid=1
sub-delay=0.004952
