start=145.908000
pause=yes
volume=130.000000
ontop=yes
panscan=0.300000
aid=1
sid=1
video-aspect-override=1.777778
