start=413.872000
pause=yes
volume=130.000000
ontop=yes
saturation=-2
panscan=0.100000
sub-delay=0.100000
sub-scale=0.900000
