start=184.684000
pause=yes
volume=103.400002
sid=2
