start=824.659667
pause=yes
volume=130.000000
