start=6585.996000
volume=130.000000
aid=2
sid=2
sub-delay=-0.034001
