start=4365.653000
pause=yes
volume=102.000000
aid=2
sid=7
sub-delay=0.061883
