start=1418.918922
volume=76.400002
fullscreen=yes
sid=3
sub-visibility=no
